6648
6649
6650
6651
6673
6674
6707
6708
6709
6710
6711
6726
6727
6732
6734
6735
6741
6759
6760
6761
6762
6763
6764
6776
6778
6780
6781
6782
6838
6840
6841
6842
6845
6882
6886
6887
6888
6889
6897
6903
6904
6905
6906
6907
6908
6909
6910
6911
6914
6915
6916
6919
6920
6921
6925
6931
6941
6981
7097
7099
7137
7145
7146
7147
7148
7246
7247
7297
7300
7301
7302
7317
7318
7341
7359
7360
7361
7366
7373
7375
7377
7378
7379
7391
7449
7450
7451
7471
7475
7586
7602
7603
7604
7650
7688
7689
7714
7715
7716
7786
7787
7788
7789
7790
7880
7883
7886
7897
7901
7903
7905
7906
7908
7909
7910
7949
7992
7993
7994