5540 
5541
5542
5543
5544
5566
5567
5568
5587
5588
5596
5597
5624
5625
5626
5640
5641
5642
5644
5649
5650
5651
5652
5654
5655
5656
5657
5658
5659
5660
5661
5662
5666
5667
5668
5669
5686
5773
5774
5775
5785
5786
5787
5788
5789
5856
5857
5858
5861
5872
5873
5874
5875
5877
5878
5879
5880
5881
5891
5892
5946
5947
5956
5957
5958
5959
5961
5963
5965
5970
5971
5972
5977
5985
5988
5989
5993
5994
5995
5996
5999
6007
6009
6010
6011
6012
6042
6043
6044
6045
6046
6050
6051
6052
6053
6054
6056
6060
6062
6063
6064
6065
6066
6068
6095
6101
6102
6103
6116
6129
6131
6132
6168
6170
6171
6172
6180
6186
6189
6190
6191
6192
6218
6222
6238
6239
6240
6241
6242
6243
6244
6245
6246
6251
6252
6253
6254
6256
6257
6258
6259
6260
6261
6262
6279
6286
6289
6290
6296
6297
6319
6328
6329
6330